6925777884100
6925777892099
6924362728744
6941917659582
6941917687707
6941917656369
6941917691605
6941917625679
6924362712002
6925777880461
6930265374933
6942509736186
6932290361582
6924362743488
6941917680500
6941917691919
6925777881222
6941917659209
6932290376449
6924362720649
6932290346909
6941917673212
6925777882618
6941917658455
6921081578223
6932290368642
6941917691704
6932290371604
6941917650213
6941917699342
6942509724060
6941917682870
6925777875320
6932290345643
6941917628861
6932290374704
6941917651883
6932290366266
6925876355426
6941917626133
6932290377699
6925777873524
6932290369809
6927886472629
6941917680036
6941917622579
6925777871292
6941917628199
6932290355079
6927886482291
6925777881154
6941024302043
6932290380309
6932290370034
6941917622685
6932290356410
6932290384604
6971071100279
6937241103846
6925777886906
6927886471868
6942509729911
6932290349122
6932290313451
6925777896523
6925777881956
6941917658530
6925876352777
6927886457596
6901570091747
6924362722599
6932290384635
6925777891917
6941917647664
6925777892693
6942509787072
6930265381467
6925777881994
6930265391503
6924362745956
6924362709293
6941917637252
6927886477723
6925777874392
6932290382402
6927886454007
6941917679139
6901570088860
6925777882021
6927886468257
6941917664012
6942509788505
6941917625303
6925777895328
6932290377118
6924362728645
6941917617049
6925777892297
6930265378108
6927886481942
6941917623637
6941917687530
6925777862368
6941917628380
6925777872176
6921081576519
6925777891627
6937241103488
6932290353198
6901018065378
6921081580530
6937241102573
6941917602939

6942509788659
6941917600232
6937241104065
6941917645028
6901570092171
6942509798481
6930265387704
6941917680463
6925777860883
6924362712439
6941024301961
6925777884247
6937241104270
6941917667044
6927886456803
6941917606883
6941917681057
6932290366792
6925777897834
6932290360912
6932290356748
6901570091556
6941917652132
6932290364156
6925777886241
6932290372892
6941917626843
6937241104454
6941917672826
6934346902091
6937241100364
6941917623781
6925777871285
6932290374599
6932290366709
6941917630796
6921081667637
6942509790171
6941917628847
6925777878598
6932290366655
6941917655980
6901570080123
6932290381337
6941917630888
6941917656192
6941917669017
6941917631168
6925777877805
6901018068645
6941917628052
6941917681811
6932290351323
6941917623705
6925777893898
6901570089003
6937241160924
6932290379471
6941917606111
6941917649316
6932290372793
6925876355518
6941917658462
6941917681217
6941917634701
6941917654396
6925777897971
6971071100019
6925777882700
6924362728669
6941917628083
6941917622487
6941917672529
6924362744171
6925777889464
6941917632059
6924362750240
6941917602922
6932290368482
6932290372441
6901018064555
6941917681002
6924362749268
6925777897841
6941917681613
6941917628465
6925777873623
6941917656758
6941917613157
6942509732379
6941917667334
6930265383607
6925777896592
6941917673526
6921081697139
6940120800040
6932290356915
6941917681262
6924362728188
6932290367034
6932290360073
6932290369403
6927886467472
6941917628007
6937241103235
6930265373042
6924362732031
6921081570876
6927886457053
6941917654273
6941917688759
6941917659094
6925777873340
6941917603226
6937241102702
6901570090481
6941917681644
6930265381825
6927886456728
6932290354041
6932290382921
6942509779978
6937241103501
6925777892723
6941917659735
6932290374988
6971112420557
6941917682832
6971071100064
6932290351675
6901018064753
6932290350036
6932290361407
6932290375817
6941024301336
6924362742627
6925777882113
6925777880959
6925777867271
6932290382938
6925777893836
6941917666856
6925777879052
6930265367331
6901570092287
6941917643369
6971071100057
6932290385496
6925777872541
6932290378634
6924362725743
6932290373158
6941917652637
6901570091303
6941917658912
6942509794421
6942509736063
6901018068843
6930265391039
6925777879380
6921081567517
6901570091044
6970062403207
6932290379198
6930265389210
6925777870080
6932290359039
6941917658950
6925777896752
6932290380415
6921081566367
6941917649309
6941917645240
6941917600034
6941917679894
6942509781704
6901570087795
6941917683860
6927886467199
6941917675070
6941917608658
6921081568910
6930265386998
6941917630475
6925777884186
6941917657977
6937241101255
6925777894796
6941917658066
6941917648968
6924362736985
6941917631212
6941917600225
6924362725057
6941917605244
6930265386493
6941917638747
6921081578025
6941917673182
6937241103617
6925777869602
6927886456667
6925777869114
6941917668744
6921081577400
6932290362435
6925777895885
6941917659858
6941917655164
6932290375794
6932290348088
6942509792311
6924362731706
6941917682139
6941917656222
6932290357622
6925777897391
6941917627024
6937241105109
6921081688472
6932290370188
6941917674301
6941917625631
6927886453376
6942509776595
6927886472889
6941917669000
6942509733772
6932290363197
6925777866465
6925777885558
6932290379006
6930265370072
6937241107301
6924362744300
6927886455820
6932290354072
6941917673342
6925777873715
6901570091501
6941917616011
6942509769702
6925777896448
6942509769771
6921081580080
6932290357592
6930265381078
6932290374476
6941917610330
6941917646155
6925777873500
6941917634572
6925777879014
6901570079950
6937241102191
6941917682948
6941917657199
6941917699359
6901570090405
6941917679863
6925777870233
6941917629769
6925777895618
6942509794278
6930265386035
6925777877638
6924362744089
6941917634138
6901018058240
6937241103730
6901570091518
6971071101122
6932290377798
6932290384208
6925777880799
6932290379204
6941917640764
6921081578872
6941917659766
6927886472391
6941917645257
6942509700835
6941917622296
6941917600980
6932290367089
6925777884490
6941917666689
6925777869930
6932290353211
6941917629271
6901570089751
6941917627949
6932290375787
6937241106335
6932290376739
6941917683006
6941917674349
6925876355419
6932290371871
6937241103198
6932290380033
6932290379440
6941917668973
6942509782633
6925777878710
6925777869572
6941917608313
6941024302944
6932290380187
6932290351491
6941917627048
6941917622326
6941917605756
6941917624818
6941917633025
6932290361353
6925876311965
6925777893980
6941917645295
6941917625624
6932290372373
6941917654297
6941917691926
6942509780516
6921081580820
6927886458449
6925777882472
6941917622746
6941917665637
6932290353228
6925777882502
6941917629820
6941917602977
6941917600171
6932290365924
6942509780172
6932290362404
6941917638396
6941917612198
6932290346794
6932290362169
6941917623699
6942509791628
6901018068898
6925876354948
6927886473725
6925777893874
6932290369434
6941917685062
6937241150390
6932290380644
6925777889594
6941917603493
6921081653678
6925777890194
6941917628533
6941917674455
6932290366433
6932290379556
6941917603172
6941917662872
6930265380354
6941917631328
6925777881017
6941917628441
6971071100149
6941917680029
6941917662988
6941917699380
6925777874187
6941917631991
6925777879908

6925777886531
6925777884414
6925777895533
6942509770272
6941917637832
6941917656451
6932290356731
6937241103204
6925777892709
6941917667174
6941917629332
6932290366624
6932290355642
6932290359909
6942509771675
6925777893751
6932290363821
6941917631229
6925777880621
6932290368611
6925876333752
6930265373301
6932290375800
6924362736992
6941917659254
6941917650251
6942509769887
6925777881635
6941917681804
6941917604179
6941917696181
6925777886944
6941917683877
6925777864706
6941917639621
6932290376401
6925777881437
6941917666771
6932290367225
6921081565421
6932290372854
6941917603042
6941917616493
6941917665460
6932290336252
6937241161952
6941024301718
6921081571323
6932290342710
6925777870226
6937241102306
6942509784170
6941917681101
6932290373165
6941917607965
6925777890774
6932290379464
6942509701177
6932290373417
6941917686502
6941917625600
6925777887439
6941917664470
6942509769924
6921081682753
6941917624115
6927886472599
6970062405034
6941917666887
6941917658387
6921081688328
6924362747752
6927886480785
6941917672116
6941917617674
6942509715723
6932290363203
6925777867523
6942509787041
6925777895144
6941917607682
6932290355314
6941917683433
6941917649965
6924362743556
6941917667013
6941917666238
6937241101613
6941917642362
6941917659216
6942509724022
6941917625174
6924362725385
6941917627017
6941917687745
6941917629745
6941917649842
6941917616851
6941917658967
6925777872039
6901570090375
6932290346657
6941917673465
6932290370041
6932290381092
6941917650138
6941917626119
6932290345674
6941917681309
6925777861835
6942509789953
6941024303507
6942509792953
6941917624085
6937241107325
6937241106656
6941917668652
6941917631281
6941024301985
6925876301300
6927886456773
6942509769979
6941917654211
6932290347364
6971112420472
6925777860265
6941917674486
6941917654457
6941917629486
6941917628564
6941917626164
6925777896370
6971071101115
6941917675063
6942509781827
6941917649033
6932290356014
6941917673106
6941917655867
6941917617438
6941917647619
6941917665415
6941917616288
6941917667181
6925777876655
6941917681132
6925777894505
6941917681712
6932290366983
6942509791062
6941917699502
6941917650343
6941917647718
6925777880966
6932290362220
6925777886548
6932290375947
6941917650152
6925777881550
6925777887804
6941917651524
6925777881031
6925777874071
6941024302197
6925777883677
6930265381085
6925777882014
6941917600188
6930265372175
6941917629325
6937241161815
6925876320059
6941024302104
6941917671997
6925777882151
6925777864720
6932290350630
6971071100163
6925777894192
6942509751998
6925777876129
6941917649781
6925777856039
6941917625402
6941917641907
6930265386516
6925777891955
6941917607774
6937241101767
6941917697140
6924362728621
6941917600201
6941917664999
6925777884070
6941917617599
6941917624597
6941917654969
6941917648586
6932290384598
6901570092034
6921081580325
6925777895458
6941917682764
6932290347807
6941917628120
6941917602175
6941917658110
6941917615434
6941917616134
6941917641815
6941917655805
6932290346596
6925777874057
6924362742405
6932290374438
6901570085746
6941917628823
6942509768668
6932290374568
6941917632028
6941917627871
6937241102740
6932290378603
6941917678132
6932290364316
6925777886173
6941917679504
6932290349115
6941917627505
6927886471318
6932290365986
6932290380293
6924362745437
6941917610316
6941917632967
6941917604902
6925777877904
6925777897018
6941917604148
6924362728751
6932290372595
6932290349863
6925777880690
6942509791147
6941917651821
6942509796388
6941917667082
6941917627581
6927886454564
6925777885428
6941917628397
6941917681200
6932290379310
6942509724725
6925777884063
6927886473701
6925777892150
6932290379501
6932290339116
6921081563373
6941917646186
6941917649545
6932290343021
6932290378702
6930265370034
6921081570869
6932290358230
6921081573228
6941917681149
6941917616479
6932290374940
6941917666016
6941024302418
6932290355239
6942509744839
6942509796258
6941917681019
6941024302050
6921081578209
6941917605015
6941917659179
6901018067655
6932290383843
6941917673014
6941917654198
6925777895861
6941917675810
6925777884629
6932290370270
6941917641921
6932290346923
6941917658639
6925777893355
6941917627437
6941917629615
6970907110376
6925777872534
6925777895625
6941917674110
6921081575949
6925777869718
6942509738999
6925777889822
6941917628281
6925777890354
6901018062155
6932290359145
6932290380446
6942509770241
6941917655966
6925777869701
6925777887408
6925777869558
6941917626126
6941917673236
6941917637245
6941917673168
6941917603233
6937241102641
6925777868483
6932290356076
6932290360400
6932290376142
6932290374094
6932290358247
6924362728584
6937241102559
6942509789908
6941917659131
6942509796036
6941917651555
6925777890910
6941917657984
6941917629608
6932290380132
6925777887262
6971377720171
6941917659681
6932290372663
6941917611504
6937241160122
6941917630857
6941917681859
6941917656796
6941917651623
6941917625556
6941917616301
6937241102603
6941917672239
6901570085623
6941917686748
6941917650145
6932290366723
6932290375831
6925777892105
6941917650190
6925777885534
6941917610057
6937241161822
6941917687554
6942509796555
6941917659308
6921081577097
6941917650206
6925777883776
6941917699335
6941917628113
6941917625143
6932290352825
6941917649507
6932290381306
6942509727115
6925777876860
6925777876662
6941917653801
6930265386042
6927886471202
6937241103457
6941917613478
6941917674394
6927886463351
6932290343045
6924362708050
6925777894161
6941917632158
6930265379365
6930265389203
6932290356939
6941917649330
6925777892495
6925777869251
6921081575833
6941917629103
6930265391299
6925777884216
6941917681736
6941917612174
6927886482703
6941024301381
6941024300650
6940120800026
6941917618237
6941917617711
6941917699328
6932290365016
6937241161051
6937241105246
6941917603486
6941917604452
6941917638754
6925777879403
6932290374865
6932290365597
6932290374384
6941917679122
6941917639096
6901018067488
6941917686342
6925777873517
6932290373042
6941917628496
6932290379990
6941917629240
6942509745942
6941917627062
6932290377217
6924362746038
6921081571583
6971112420069
6941917629257
6925777878895
6921081580363
6941917608351
6941917628403
6941917601352
6932290355208
6925777873814
6921081580233
6932290341201
6941917613027
6932290361520
6932290379303
6932290361605
6921081699423
6924362719933
6942509769894
6925777895878
6932290378931
6942509711602
6925777860784
6901018048944
6942509701276
6941917601246
6941917622692
6930265388596
6941917628953
6941917629509
6942509701559
6925777881277
6937241105925
6925777881055
6941917649293
6921081565377
6941917627536
6925777868582
6932290367140
6941917658080
6941917668713
6925777875054
6941917648944
6921081565391
6925777875740
6941917667365
6941917668768
6932290380323
6971071100217
6941917674257
6934346902305
6941917625327
6941917631595
6925777897186
6901570091440
6932290347715
6937241101699
6937241104218
6932290362053
6937241103303
6941917635241
6932290374582
6932290358346
6971071100392
6925777867349
6921081673034
6932290348279
6942509771903
6932290357325
6941917617667
6942509795992
6932290379600
6921081577196
6941917623668
6925777881291
6941917659872
6925777867417
6930265372496
6925777870301
6941917678149
6942509736032
6941917666979
6924362740685
6941917680012
6941917658882
6941917649286
6925777890323
6937241107288
6925876356287
6941917665811
6901018048784
6924362734967
6941917681828
6932290347593
6941917666221
6942509783036
6941917631076
6925777867899
6941917629233
6942509741258
6971071100927
6925777883592
6901018053948
6941917674059
6941917696976
6941917657953
6941917629042
6921081580639
6941917681279
6932290379297
6925777882168
6941917680005
6941917627345
6941917674417
6941917602199
6927886471875
6925777878093
6932290365672
6971071100088
6932290370713
6932290361032
6932290369564
6924362745932
6941917681354
6932290370928
6932290380231
6925777874149
6925777890545
6942509738890
6932290382662
6942509791017
6925777895717
6925777890316
6941917646100
6941917687578
6925777879984
6941917673939
6941917666924
6925777879342
6941917622715
6925777883721
6932290380651
6932290374964
6925777865963
6925777884407
6925777867288
6971071100231
6932290378245
6941917680951
6932290357561
6925876301416
6925777881123
6941917687837
6941917658486
6901570058634
6941024301725
6941917681255
6941917659186
6927886480808
6941917652590
6941917658738
6921081581049
6941917604896
6927886478423
6941917600157
6932290381849
6932290336740
6941917601284
6941917679061
6941917633193
6941917666634
6901018066832
6932290368710
6941917616516
6941917628106
6924362708159
6941917673281
6925777884773
6941917654358
6925777884117
6901570091945
6941917629806
6941917630918
6924362746014
6925777884131
6925777870844
6941917608337
6901570090825
6925777865840
6937241102405
6932290359459
6927886459125
6932290372687
6932290366761
6930265373028
6925777883813
6901018067426
6932290363364
6941917603028
6927886469261
6932290383324
6925777875313
6941917628854
6941917649354
6941024301817
6937241101422
6932290380064
6925777878604
6942509788482
6941917654365
6932290350197
6932290361001
6925777881147
6932290355192
6942509736025
6942509777219
6925777876082
6921081579497
6941917656321
6937241107318
6901570092393
6941917629349
6941917625501
6941917687882
6941917605572
6937241103075
6901018068904
6925777882984
6932290350869
6921081693766
6927886479765
6932290371697
6921081575932
6924362730174
6941917649514
6941917627574
6927886454595
6941917627840
6930265387896
6941917664579
6930265381887
6925777875009
6901018065651
6941917613102
6941917628960
6901570088594
6941917666726
6925777877461
6941917654945
6932290365603
6932290357066
6932290360615
6927886471288
6925876304424
6932290364217
6925777891900
6924362710527
6924362726184
6941917640122
6941917624054
6941917665361
6925777892051
6941917649668
6937241103082
6941917667891
6925777893843
6901570089577
6932290367720
6941917624207
6932290333367
6942509719646
6925777897360
6971071100965
6941917695801
6942509708374
6941917629714
6925777860197
6901570089157
6925876312511
6942509797262
6932290364255
6941917668577
6924362745994
6941917607989
6925777881161
6925777883714
6932290341812
4000530647900
6924362749541
6941917616790
6941917601390
6941917655027
6942509784613
6941917659339
6932290379419
6930265387902
6924362744188
6971071100828
6921081578445
6927886456780
6932290385519
6942509701535
6941917628472
6925777894093
6932290360370
6925777893690
6932290368604
6925777896844
6941917681248
6941917629110
6930265363111
6927886454175
6932290359572
6925777891832
6925777870240
6937241104461
6925876311163
6924362741538
6932290347036
6941917645264
6941917617636
6941917632936
6925777878284
6932290368857
6941917666757
6941917600041
6930265370065
6941917624061
6941917601260
6925777881987
6941917681316
6921081565315
6937241106014
6932290346992
6925777890118
6932290367041
6941917623675
6925777871216
6942509700880
6942509795053
6942509794513
6930265371833
6941917658806
6924362745659
6932290369465
6927886455431
6932290385441
6925777873982
6927886471042
6941917669161
6901570091310
6921081573662
6925777869541
6941917658035
6927886454274
6942509795190
6971071100446
6932290377156
6941917681118
6937241104034
6932290366341
6941917602908
6901570084435
6937241105062
6941917622654
6942509745959
6925777891825
6925777892624
6925777897353
6971071100385
6937241103440
6932290347616
6924362745567
6925777864621
6941917616172
6932290346985
6942509724107
6932290361513
6932290348859
6941917654471
6925777886517
6941917681668
6925777880331
6971071100118
6941917681729
6941917658073
6941917658233
6937241102870
6971071100033
6924362729710
6941917606869
6941917667167
6937241103266
6971071100736
6925777893881
6941917616189
6941917629066
6941917624825
6941917626805
6932290359398
6941917688858
6941917657946
6941917697508
6932290376456
6932290384192
6924362710862
6941917695429
6937241100357
6925777893164
6941917624849
6925777874651
6925777885091
6925876355815
6925777875764
6925777892136
6932290341584
6941917653450
6970415350110
6925777881406
6925777877614
6941917667266
6932290358353
6941917666245
6932290363265
6932290347685
6937241151151
6932290367065
6941917627338
6925777886067
6925777867721
6930265385694
6925777867295
6941917625846
6941917651579
6924362726191
6932290372632
6941917659865
6924362704847
6932290349979
6941917649989
6925777878192
6941917659353
6941917625242
6941917654037
6941917652224
6941917659544
6941917648609
6925777882328
6925777887484
6941917628014
6937241106649
6925777864614
6941917649743
6925777867547
6941917628168
6941917610088
6932290359350
6941917648876
6941917628984
6941917691582
6932290345391
6932290372922
6927886487814
6925777894307
6932290368765
6942509770258
6925777864102
6930265384727
6941917603141
6932290377576
6932290358544
6941917639614
6941917697003
6941917622722
6927886465560
6925777870936
6937241104027
6941917655829
6941024301282
6925777879021
6901570088754
6927886478362
6925777861774
6941917673267
6932290373547
6941917674479
6941917601222
6932290384161
6941917624603
6927886487807
6932290376050
6932290374728
6941917672277
6942509727030
6925777880904
6932290374605
6941917617506
6932290368383
6927886456674
6941917649385
6941917699496
6941024302425
6941917617261
6942509787485
6925777868698
6925777879007
6932290355222
6941917607354
6941917610682
6924362741149
6941917642508
6941917613461
6925777884681
6925777890491
6932290347654
6927886458838
6942509783456
6941917673564
6941024304214
6941917617520
6932290362343
6921081580004
6941917622005
6927886479857
6924362738637
6925777878390
6942509721687
6941917628045
6932290345407
6925777869923
6941917666948
6924362709309
6970415350028
6941917604117
6932290368451
6925777886883
6941917688100
6941917681323
6941024302180
6932290377774
6932290356427
6941917650268
6941917686519
6924362707350
6901570092508
6941917622418
6924362710206
6937241101262
6927886456445
6925777887316
6932290354850
6924362741156
6941917622708
6930265380378
6971112420717
6932290385021
6901570088587
6937241103853
6941917649699
6925777886135
6941917627802
6941917672727
6941917600096
6932290379082
6942509783685
6941917656314
6932290359374
6941024304573
6930265381429
6941917624238
6941917612990
6925777879427
6941917604957
6937241104324
6925777869749
6932290346961
6941917632141
6941917672062
6925777874408
6941917651500
6927886496700
6925777868735
6941917625372
6941917602274
6941917666061
6930265384703
6927886479840
6932290371390
6925777880003
6924362744164
6901570091389
6941917696990
6941024304597
6941917666832
6932290373325
6941917666139
6932290350487
6901570080291
6941917623804
6941917651630
6932290357042
6942509740893
6932290368895
6941024301671
6941917600003
6932290369823
6925777889358
6924362710800
6932290360691
6941917659407
6941917603196
6941917667068
6942509784255
6932290372649
6932290367058
6941917648562
6925777876167
6921081580837
6971377720010
6941917659612
6930265373219
6932290354645
6927886454458
6925777890378
6941917659223
6932290384215
6901018058349
6942509700828
6932290378184
6942509747625
6925777889235
6932290375343
6925876301614
6921081578728
6941917649408
6934346901421
6932290363623
6932290380149
6940120800118
6941917624627
6971071100712
6932290377095
6925777883448
6925777876204
6941917624696
6932290384154
6941917656710
6930265387162
6925777869862
6901018048319
6925777886234
6941024301855
6941917625488
6901570089546
6941917658400
6941917629035
6921081579633
6941917687721
6937241103655
6942509732386
6925876354900
6941917607736
6925777880348
6942509779893
6930265384741
6941917610279
6932290347371
6924362713672
6932290351316
6941917640085
6941917649484
6941917617209
6941917685079
6937241102917
6932290382426
6941917672185
6925777876549
6942509769986
6925876304561
6930265385533
6925777895779
6932290372465
6925777876297
6925777896400
6927886487715
6925777870967
6932290352320
6901018047572
6941917624184
6932290356922
6924362709774
6932290374407
6932290375763
6925777895564
6925876312771
6921081579596
6921081575543
6941917603189
6925777890033
6941917654808
6925777895670
6941024302937
6901570078724
6941917610347
6925777894420
6941917649972
6941917604421
6941917627444
6925777886456
6937241105000
6925777877997
6937241104416
6941917654341
6932290350715
6932290377569
6941917698369
6932290378627
6932290352856
6942509782695
6941917629691
6925777875757
6932290370492
6901018067501
6941917642911
6901570086989
6941917629134
6941917658646
6941917645974
6937241101392
6925777870943
6932290373509
6971112420762
6937241102900
6927886471592
6941917613164
6925777864485
6932290358568
6937241105086
6941024301411
6925777874040
6942509740732
6941917679474
6971071100224
6924362742979
6941917649392
6941917679979
6925777896158
6925876355402
6941917666122
6924362703246
6941917658363
6941917609051
6901018067945
6932290367188
6941917681026
6941917604988
6941917622463
6937241104140
6941917694392
6941917627406
6930265382051
6925777897155
6970062404617
6970062403948
6925777895496
6941917672031
6927886473718
6941917692015
6941917679771
6925777895298
6925777880379
6941917620643
6942509788307
6941917657212
6925777866052
6941917627413
6941917672093
6925777885022
6941917629363
6942509790195
6925777870295
6941024301374
6932290373400
6941917654020
6941917674202
6941917681606
6941917699489
6941917666870
6932290352405
6941917681187
6901570092164
6932290378542
6941917607347
6971112420755
6937241103976
6932290363401
6925777877782
6941917649996
6941917658097
6924362742269
6925777892822
6932290372243
6930265382006
6941917672024
6941917657755
6941917628830
6971071101023
6942509795848
6941917617537
6925777892327
6941917641860
6932290348873
6932290362084
6941917672123
6941917625587
6941917659667
6932290375688
6925777892969
6941917642393
6941917617391
6925777861484
6924362712224
6942509727153
6941917679085
6927886478225
6941917654129
6971071100439
6941917653771
6941917665668
6927886454441
6942509782176
6941917627994
6901570085234
6941917654136
6941917612341
6924362708074
6941024302227
6932290375923
6941917674288
6941917651562
6941917647169
6941917666696
6925777890828
6932290368598
6941917663008
6941917626829
6941917687493
6941917681699
6925777865987
6932290376289
6941917616530
6937241102399
6932290371550
6901018066887
6941917683471
6925777891221
6941917681347
6925777868643
6932290376128
6941917674073
6941917699519
6925777882120
6941917630154
6932290369472
6940120800439
6941917627352
6941917610293
6970907110338
6941917658752
6941917642942
6925876350308
6925777884254
6941917654280
6930265384734
6941917681224
6930265391305
6941917656345
6941917679955
6925777869145
6942509700903
6927886458661
6941917672086
6925777872312
6925777892594
6941024301664
6941917659537
6941917638822
6941917656246
6941917625310
6941917658394
6941917612327
6925777874170
6925777886296
6941917646179
6925777887378
6970062405096
6932290369397
6932290358155
6941024301442
6941917624610
6941917659797
6941917691933
6932290358186
6942509795626
6941917627659
6941917658578
6941917606081
6941917649217
6937241102627
6941917659728
6901018066870
6941917673922
6901570091075
6941917641846
6925777889846
6932290347050
6925777869336
6925777880096
6941917682887
6932290363241
6941917605794
6925777892310
6941917612679
6941917659346
6941917659773
6941917673960
6925777890897
6941917629868
6941917625617
6971112420502
6941917681194
6925777881321
6932290385434
6941917672222
6924362741194
6941917657915
6925777883882
6941917649811
6941917648579
6925777866922
6941917649439
6925777884438
6941917625365
6942509796364
6932290361360
6941917642881
6932290358414
6927886489597
6932290349962
6932290362909
6901570071121
6941024301848
6924362701082
6932290320077
6932290374100
6932290349740
6937241103358
6925777869275
6941917681095
6932290370874
6941917647244
6925777894291
6925777871261
6932290364392
6937241103723
6941917675094
6941917686526
6925777882496
6941917613140
6901570092096
6941917604476
6941917650176
6941917649828
6925777890248
6941917603011
6925777894215
6941917628519
6941917625334
6932290375015
6941917666740
6921081688069
6930265384758
6925777875528
6942509781926
6941917674981
6925777886289
6941917691896
6941917680555
6937241102757
6932290366754
6941917633001
6941917666931
6941917658349
6941917699465
6941917682993
8888888888888
6941917672512
6941917602465
6941917682955
6941917657717
6941917649491
6932290369885
6932290380521
6924362712231
6941917642898
6941917601307
6901570090993
6971071100378
6941917654761
6930265385991
6942509702105
6941917682924
6932290364712
6932290359947
6925777881260
6941917642935
6941917658998
6942509727139
6941917683754
6941917673977
6941917631090
6971112420632
6941917656178
6941917629578
6932290378887
6941917602472
6941917607712
6932290360233
6921081577868
6932290362763
6941917657229
6932290375824
6941917617612
6932290346855
6932290367669
6941917659087
6925876350315
6941917628557
6941917649422
6941917658899
6941917625211
6941917659162
6942509792236
6941917645967
6941917637528
6941917604087
6932290355130
6925777885473
6925777897223
6924362709798
6941917657908
6924362729680
6941917673205
6932290366662
6941917650046
6932290379174
6941917631205
6941917639652
6924362701815
6932290348118
6941917685130
6901018067129
6925777878987
6925777868537
6901570080024
6942509733789
6941917622548
6942509769955
6925777880645
6941917682900
6941917627031
6941917636057
6925777859634
6921081670194
6941917601239
6921081579923
6924362728652
6925777897087
6941917686403
6937241102924
6971071100507
6941917663701
6941917674622
6941917673328
6942509769931
6941917667143
6941917674370
6925777882250
6901570088761
6901018063527
6932290374971
6932290380507
6932290363524
6921081697146
6941917658837
6941917633162
6941917625099
6941917686373
6941917673885
6941917604414
6932290353297
6941917654433
6941917613294
6941917649620
6941917654440
6930265381405
6932290366150
6941917618114
6941917627499
6937241102658
6942509780943
6901570091570
6901570089461
6925777864607
6941917654426
6941917683402
6932290357318
6941917659520
6932290368505
6941917656628
6932290353136
6941917683020
6925876334629
6941917679832
6941917679221
6925777882601
6941917602557
6941917659421
6941917699427
6925777882090
6941917682757
6942509797279
6932290376814
6925777869138
6921081578001
6932290367126
6941917629721
6941917617582
6942509795176
6941917664982
6932290375640
6942509715983
6932290342703
6925777894994
6924362729673
6925777882519
6901570089584
6941917657106
6932290381153
6942509769795
6941917629899
6932290360950
6942509795121
6941917617575
6941917622678
6932290377613
6925777896608
6901570088358
6941917617629
6941917617568
6924362722377
6941917650183
6925777867202
6941917606289
6941917654167
6941917604094
6941917629448
6932290358070
6942509724732
6901018048821
6932290351453
6941024302005
6925777866045
6941917674066
6941917650299
6942509791000
6932290351002
6941917631106
6941024301459
6941917622333
6941917674264
6942509740817
6942509708367
6932290358131
6941917638570
6941917617186
6932290376906
6941917681286
6932290339406
6942509701283
6941917629219
6941917674318
6901018049187
6921081667149
6941917656697
6925777895762
6942509771033
6925777897032
6932290367515
6941917635944
6941917630055
6941917606227
6941917672536
6941917674448
6921081579343
6932290366945
6941917668560
6941917610118
6932290365443
6932290371543
6925777887279
6924362727259
6921081570753
6941917658585
6925777880997
6924362744195
6941917659063
6932290379150
6924362705790
6921081580011
6932290364019
6942509771064
6932290383935
6941917629417
6941917691612
6932290357035
6932290361070
6941917694408
6930265372410
6925777889228
6941917629844
6921081562352
6901018065682
6930265361872
6941917672147
6932290359404
6941917681293
6941917674639
6941917649767
6941917662322
6921081573679
6941917650220
6901018060595
6941917603097
6941917679900
6932290368550
6970062408370
6941917646070
6941917662865
6942509796845
6941917687455
6941917615472
6941917612686
6932290365696
6932290377842
6925777897988
6941024301862
6937241103471
6941917616509
6941917606234
6925777877485
6932290352351
6941917622302
6941917610309
6941917627383
6925876304585
6941917630802
6925777886111
6932290360653
6941917667112
6937241103860
6925777877898
6941917650169
6941917665484
6921081578810
6925777880034
6941917627512
6925777881178
6932290350548
6941917635234
6941917606210
6942509735417
6941917688131
6941917658868
6941917681750
6932290378207
6901018066856
6925777886869
6942509736209
6941917627390
6941024301268
6941917674325
6941917627420
6941917648661
6941917628038
6941917656185
6932290343670
6941917666719
6932290353877
6925777865819
6941917647190
6941024301978
6941917679917
6921081665565
6930265372809
6941917659322
6937241105918
6941917613072
6942509769948
6921081672389
6921081579602
6941917635258
6941917674363
6941917652613
6971112420380
6941917659698
6932290368697
6942509730641
6927886459156
6901570084114
6921081577943
6924362726160
6941917683440
6932290375619
6941917655010
6925876304363
6927886458401
6925777868087
6932290354058
6941917631601
6927886481652
6941917628816
6941917654976
6941917650312
6932290354980
6941917628076
6924362741651
6941917629356
6925777867905
6927886482260
6927886457619
6942509781759
6941917622531
6932290358438
6941917618220
6937241102801
6941917648982
6932290360059
6941917674387
6941917649224
6925777887385
6927886454052
6941917654259
6925777880362
6925777872558
6941917659315
6932290366686
6937241103693
6901018056666
6941917601253
6932290378252
6932290368536
6901018065293
6924362706636
6932290368352
6901570088693
6941917627369
6925777881475
6941917683242
6941917628144
6941917657137
6941917629677
6941917607750
6941917655904
6941917679993
6941917628298
6925777877492
6924362744263
6937241103709
6941917629639
6925777894277
6925777889938
6925777884650
6901570071749
6925777875337
6932290378771
6932290374391
6941024301886
6921081673003
6941917615410
6942509787607
6942509792946
6924362742276
6941917613706
6941917602526
6925777868599
6932290365894
6901570091006
6925876352364
6930265381832
6937241106366
6941917699557
6925777868056
6941917673038
6921081577127
6901018068621
6927886471431
6942509740879
6930265392265
6942509736896
6925777887446
6941917675032
6937241104102
6941917649606
6932290385489
6941024304528
6925777880539
6941917659056
6942509720765
6925777870257
6932290360202
6941917673618
6941917681156
6941917642560
6941917624801
6941917622029
6930265382013
6924362745949
6925777893485
6925777891696
6925777869527
6971071100248
6941917675025
6971071100811
6941917629516
6941917658370
6901570092249
6925777868360
6941917615823
6941917602953
6941917616295
6942509736889
6941024300438
6925777895311
6932290362398
6941917625662
6941917628021
6941917656239
6927886471844
6927886454120
6941917646896
6942509724183
6924362748230
6942509796357
6941917674028
6932290345773
6925777893850
6941917672208
6925777892501
6941917694972
6932290374681
6924362724470
6924362725408
6941917656789
6925777877508
6932290375770
6901570091631
6925777883219
6942509786242
6925777886043
6925777861422
6941024302067
6941917600126
6937241100456
6925777881130
6901570092119
6941024301695
6930265380361
6941917629790
6925777884124
6941917615403
6941917680449
6925777892440
6932290352306
6927886456681
6901570091280
6941917602236
6971071100682
6942509715730
6941917683693
6942509792229
6932290368161
6930265386639
6930265381849
6932290379235
6925777880225
6925777886050
6941917666788
6932290376326
6941917654242
6937241106045
6925777895489
6925777872305
6932290382228
6942509769900
6925777877430
6925777895908
6937241101590
6901570091037
6925777896387
6925777874125
6930265370058
6925777893775
6971112420199
6941917672994
6937241101521
6925777867172
6941917681033
6941917608863
6925777881833
6925777890514
6941917674080
6924362744201
6932290354782
6932290373141
6941917679931
6932290379334
6941917623606
6901570071138
6932290370164
6971071100699
6925777890576
6941917648975
6925777872091
6937241103228
6942509716027
6942509769610
6925777882465
6925777886623
6941917648951
6901570091297
6924362710510
6932290367997
6925777868766
6941917612792
6942509796005
6932290377965
6942509704673
6941917652620
6925777895069
6942509782664
6925777873388
6901570060385
6925777878277
6925777876433
6932290379969
6941917628137
6925777893041
6924362710084
6932290370058
6932290362152
6925777867844
6941917624283
6941917627864
6925777895427
6932290370539
6941917667099
6921081577998
6921081576502
6932290364187
6925777882533
6941917624504
6932290362916
6941917602458
6925777867882
6921081575611
6921081576014
6921081563311
6925777894604
6932290362794
6925777873821
6925777873838
6941024301367
6932290341256
6941917601291
6925777886494
6941917658714
6921081693391
6941917634565
6901570079691
6941917623934
6921081579671
6932290347296
6941917648791
6930265361858
6941917629097
6941917673687
6932290370867
6925777886265
6941917672291
6925777876037
6932290373684
6901018067921
6925777895984
6925777889860
6941917617452
6925777881109
6941917681682
6941917659148
6942509795138
6932290314236
6941917659391
6932290359510
6932290364057
6927886471455
6932290371888
6941917667280
6941917667105
6941024302906
6927886458814
6925777877799
6925777860791
6924362705325
6937241103259
6941917634183
6941917679092
6925777893515
6941917618121
6925777893683
6941917607330
6925777897162
6925777861446
6941917658554
6925777891108
6924362736978
6941917679849
6932290346572
6932290382853
6941917629523
6924362735063
6932290367577
6941917622289
6925777884223
6927886470984
6925777867097
6924362745291
6932290360516
6932290361278
6941917666504
6941917612518
6932290342048
6925777892068
6925777887330
6930265391282
6932290356007
6925777894925
6941917617230
6937241160153
6941917617216
6941917654105
6901570091235
6941917632202
6932290347692
6925777890484
6941917625563
6941917629660
6937241101538
6932290377682
6932290357585
6941917611634
6925777881598
6932290378078
6925777880898
6932290351095
6925777896677
6930265380095
6941917600195
6925777880867
6941917604063
6932290354997
6932290365405
6932290355659
6932290379327
6941917617469
6930265361834
6925777890903
6925777890583
6941917656307
6925777892419
6925777869855
6901570076911
6941917658776
6925777875108
6901570089522
6941917659841
6937241102818
6901570089287
6941917630970
6941917602915
6932290378115
6925777880386
6932290370065
6932290378665
6925777887347
6941917686533
6941917668775
6941917683426
6941917672604
6932290355376
6941917654181
6941917611306
6942509792861
6942509779008
6924362745666
6941917622395
6932290385502
6921081565148
6932290380156
6924362728737
6941917625495
6941917670693
6941917612853
6941917681705
6925777874385
6940120800064
6941917647633
6941024301909
6930265372748
6932290381139
6941917613324
6932290382181
6932290368154
6941917654174
6924362743525
6932290375626
6941917658929

6941917673694
6941917624764
6925777884728
6941917638532
6932290360684
6941917600065
6930265389401
6941917650121
6925777883202
6941917616400
6940120800408
6941917628090
6970062404273
6927886477617
6925777889587
6937241162409
6941917658103
6924362747646
6941917691902
6941917627642
6932290368390
6941917649347
6941917674011
6941917645950
6924362747639
6930265387650
6941917662612
6925777897193
6932290378191
6921081579954
6901570085647
6941917656819
6925777885367
6925777869640
6941917631199
6925777868681
6925777876709
6932290367201
6932290343762
6925777876440
6930265389197
6942509771187
6941917649446
6941917697133
6925777884872
6927886474388
6901570086538
6941917650282
6925777882038
6941917656604
6925777894581
6930265381993
6925777889105
6941917683013
6941917625150
6941917625730
6941917629530
6925777882564
6941917609648
6940120800095
6925777867301
6925777884278
6932290379372
6941917649170
6941917629202
6925777883837
6927886473695
6932290377675
6942509770715
6925777882526
6901018060267
6941917610897
6924362743532
6941917658844
6942509740800
6925777868780
6932290348002
6921081578889
6925777892570
6925777878406
6942509740824
6927886458456
6932290356946
6927886467502
6941917613065
6941917654013
6941917618206
6942509777233
6924362746144
6925777855858
6932290341409
6942509719615
6927886487227
6941917673670
6941917622524
6925876319077
6941917633957
6901018069109
6901570077383
6925777870912
6942509775239
6940120800132
6932290381214
6901018061110
6901018061424
6937241160450
6925777895106
6971071100156
6941917603264
6932290365658
6927886474975
6941917674042
6932290356168
6941917642607
6937241104225
6941024301824
6941917697799
6941917639089
6925777869190
6925777877911
6925777876624
6925777883622
6925777881604
6925777883134
6925777872664
6932290362046
6941917652415
6932290375671
6932290367232
6925777894437
6924362742917
6921081697993
6941917617278
6925777868438
6925777872084
6924362747868
6925777893010
6932290366693
6932290348101
6927886463375
6932290380262
6941917664494
6971071100415
6921081568941
6932290359121
6941917659117
6942509701191
6925777873395
6925777874217
6921081568972
6925777864591
6941917654075
6925777868377
6932290345889
6941024302265
6927886457626
6925777884193
6927886478072
6925777880591
6925777886432
6932290347708
6932290373783
6941024302210
6921081699546
6932290369571
6932290368628
6924362728638
6901018061189
6941917629141
6925876303663
6942509783425
6942509795183
6932290350524
6932290368680
6941917691599
6932290360523
6932290384437
6925777883974
6930265344257
6941917658820
6932290340525
6932290352832
6901570092980
6932290350852
6941024302128
6932290379129
6937241103037
6941917638815
6941917603639
6925777881963
6932290350784
6901018067204
6942509792854
6941917652200
6932290353372
6932290373035
6932290372458
6941917687424
6901570084855
6927886479963
6941917655843
6930265392234
6941917673359
6941024301992
6932290361025
6941024301640
6932290360707
6932290364828
6901570091655
6925777895038
6921081577462
6925777873197
6925777884698
6925777883653
6937241100388
6921081568958
6941917624221
6942509782657
6925777877775
6941917631175
6925777881116
6941917687561
6941024304085
6925777886692
6932290373615
6940120800088
6941917666825
6941917624252
6941917658332
6932290345797
6941917696969
6941917644489
6925777863464
6932290371338
6971071100132
6925777883493
6941917615717
6925777894567
6925777876273
6932290370256
6925777884780
6932290346879
6925777879755
6932290378924
6901018065309
6925777878857
6937241102542
6930265392067
6925777895465
6901570091600
6925777880393
6941917632806
6932290351422
6927886479222
6932290364026
6941917692053
6932290380347
6942509744891
6941917680456
6932290383539
6924362743549
6932290343533
6941917617315
6932290376807
6925777877515
6925777880232
6941917650329
6921081578612
6925876301393
6932290374513
6942509787478
6932290377835
6924362742429
6941917657182
6925777896431
6925777881192
6941917628151
6932290348262
6925777877980
6941917647640
6941917622739
6942509778414
6921081580370
6941917652286
6941917659384
6901018066351
6924362747875
6925777887606
6940120800019
6932290349085
6941917658011
6942509724756
6925777868025
6932290350067
6921081578018
6937241104317
6925777871544
6921081578919
6941917691728
6925777894833
6941917658981
6932290358735
6942509786839
6941917659049
6921081578735
6937241103495
6925777868001
6925777897148
6942509792960
6925777895823
6925777869688
6932290376258
6937241101439
6941917674103
6925777869237
6921081570791
6932290349139
6941917649323
6932290363517
6971071100866
6927886457787
6941917619449
6941917681040
6941024304566
6930265382068
6925777860623
6941917656208
6901018064739
6927886459163
6930265335323
6932290361797
6937241103341
6921081580585
6941917674356
6932290368420
6971112420113
6941917655973
6925777885572
6932290347777
6932290368222
6937241161839
6924362726122
6941024301329
6925777884735
6941917642959
6925777891139
6932290373424
6941917623590
6932290380040
6927886471585
6925777886272
6932290365481
6921081695159
6932290376135
6941917650114
6971071100330
6927886454632
6941917672505
6925777860845
6925777882083
6941917658943
6941917659292
6925777883059
6941917654792
6941917627376
6925777880614
6901570091334
6925777874378
6932290384857
6925777874064
6932290348095
6925777880911
6937241106038
6925777886142
6941917682856
6924362730204
6941917649682
6925777880423
6921081579947
6970062408387
6932290352917
6925777893270
6937241101309
6932290372878
6941917640870
6925777876211
6932290369892
6941917628175
6925777895366
6925777867875
6932290360219
6941917691681
6925777867196
6925777880980
6925777881383
6925777878901
6942509792175
6941917607361
6901570085968
6930265384765
6941917657069
6941917623682
6924362745468
6930265391756
6941917625648
6941917630819
6937241102436
6925777883646
6942509792984
6941917659827
6932290361629
6901570091211
6932290372281
6930265391114
6932290378689
6925777897407
6941917673908
6932290385458
6927886472636
6925777892839
6932290380613
6941917640771
6927886455981
6921081578605
6924362710152
6924362745987
6932290368666
6932290341263
6941917633155
6941917610101
6932290381061
6925777894703
6941917658424
6941917668614
6941917679047
6941917610323
6932290320084
6941024302098
6932290362275
6941917683419
6925777894314
6932290380002
6941917650244
6941917680562
6941917602229
6937241105055
6925777868490
6932290352344
6930265391268
6901018067099
6925777894673
6901018069086
6921081579640
6925777890231
6941917617698
6941917612891
6941917616158
6941917640092
6941917699649
6932290348446
6925777889501
6932290349146
6925777881253
6941917649255
6925777887989
6941917654754
6921081568934
6927886481935
6925777885053
6941917683679
6941024301435
6942509797347
6925777882427
6921081576021
6941917666795
6932290377606
6941917666917
6941917658448
6937241105567
6925777886890
6932290373530
6941917659711
6941917655676
6941917606197
6932290370003
6925777879489
6941917622586
6925777896295
6901018067648
6932290357608
6932290364224
6901570090283
6941917628977
6921081693773
6927886481812
6925777892655
6925777871384
6941917623736
6932290380385
6932290361292
6932290382624
6941024303521
6932290374506
6941917650367
6932290367683
6942509794261
6932290380163
6941024304580
6941917611535
6941917696983
6932290382327
6925777884841
6932290355017
6952605542413
6941917649460
6941917681590
6925777897230
6941917644458
6941917640887
6941917658677
6941917672840
6942509735042
6927886481256
6941917642867
6941917682801
6971112421172
6932290375633
6941917687769
6925777898008
6932290381481
6932290366518
6921081578032
6932290367485
6932290356656
6921081578230
6924362725040
6932290369694
6901018054167
6941917665620
6937241150017
6932290358162
6942509779862
6941917624511
6941917647282
6941917654150
6924362746274
6925777883509
6925777878161
6941917649583
6941917631373
6941917654082
6927886473251
6937241104126
6925777872107
6942509769870
6941917628885
6937241102931
6927886454663
6930265380125
6941917658974
6932290382310
6941917629974
6941917629684
6932290381511
6941917697195
6941917679825
6941917658547
6925777890002
6925777877935
6941917629837
6941917672000
6941917683457
6941917650275
6925777868063
6927886471974
6941917674424
6941917641914
6942509788925
6941917618138
6941917689398
6921081574348
6930265387155
6932290360356
6941917629158
6942509792113
6924362725101
6941917630024
6932290381344
6941917624092
6901570086194
6941917672253
6941917659025
6941917680487
6941917685024
6941917641891
6925876351558
6932290376333
6941917649453
6932290362367
6941917649231
6932290373394
6937241161358
6901018056758
6932290357011
6932290381290
6942509793592
6941917650374
6932290377125
6932290382280
6925777872329
6925777861545
6925876354894
6932290380057
6941917683266
6941917669192
6925777894529
6925777868384
6901570091525
6921081580257
6925777894895
6932290340105
6925777880850
6941917625013
6941917683730
6941917644571
6930265384697
6932290365887
6932290362060
6941917699397
6971071100194
6930265373257
6941917605596
6937241161792
6942509792939
6941917609037
6942509793882
6932290368994
6941917625426
6942509771071
6932290370027
6941917656284
6941917617346
6941917602489
6941917617254
6941917658240
6925777869428
6941917673601
6901570088891
6942509744846
6930265380712
6941917628069
6937241103518
6941917656802
6941917624665
6932290373059
6941917631267
6970062405409
6932290357615
6930265372854
6921081572085
6941917632165
6925777878178
6932290346589
6925777896912
6941917681071
6941024301794
6932290359664
6925777878185
6941917668645
6924362747196
6925777878208
6924362708173
6924362709057
6942509718328
6925777880973
6941917602656
6925777872114
6971071100040
6942509798269
6941917603516
6930265387193
6925777891818
6932290364231
6971071100408
6941917631274
6925777841530
6930265370096
6927886484547
6927886454601
6932290375664
6932290384628
6941917603165
6932290340389
6941917632912
6941917659193
6925777878949
6941917679078
6927886459309
6924362750271
6921081672983
6925777897827
6932290358445
6924362711340
6942509782640
6925876353248
6925777863273
6927886487746
6932290368901
6941917658615
6942509771705
6932290378719
6932290346954
6925777890538
6921081679166
6925777897025
6941917625440
6937241151168
6937241161761
6925777896530
6941917640047
6941917649835
6937241103433
6941917642874
6941917602984
6941917699403
6941917612365
6941917651517
6942509776601
6941917670686
6941917613041
6941917630994
6970415350059
6932290360257
6925777877867
6941917680944
6941917659759
6925777890460
6941917645820
6941917629776
6932290354935
6941917648593
6941917642010
6925777876198
6941917630826
6927886457855
6924362746137
6945567156378
6941917672079
6970062406123
6941917649798
6932290346787
6921081577103
6932290373622
6941917649538
6942509779879
6941917679146
6941917603257
6942509701498
6941917667259
6932290368413
6941917659636
6932290366549
6932290353365
6941917672987
6970062403955
6941917699526
6932290385090
6941917682986
6941917625259
6941917648869
6942509782626
6937241101279
6925777886678
6932290367737
6941917659377
6941917633520
6941917640139
6930265387346
6941917627451
6937241103020
6901570092409
6971071100347
6941917649736
6942509797767
6932290352900
6932290376166
6942509727146
6924362726177
6941917689046
6932290372779
6924362741675
6925777889211
6925777881703
6941917648937
6932290375312
6941917666863
6925777877409
6941917605008
6927886471257
6941917629073
6941917617704
6941917674127
6927886471752
6921081568521
6941917627321
6941917617339
6932290377811
6942509729881
6932290380408
6932290374490
6941024302289
6941917658042
6924362727532
6921081571767
6941024302913
6941917674332
6941917629295
6921081578636
6941917626850
6941917655690
6942509772092
6941917651586
6932290380088
6932290363883
6941917601277
6942509770388
6927886488842
6941917666818
6921081699812
6941917621749
6925777886609
6941917626812
6932290355680
6941917680579
6925777882243
6941917658783
6941917649378
6941917648616
6970907110369
6941917628724
6941917633186
6901018067334
6941917622562
6932290371536
6932290360417
6941917625235
6921081579701
6941917625471
6941917654778
6901570092591
6925777897131
6941917648913
6941917615427
6941917627857
6941917653498
6925777887026
6925777872022
6941917682788
6932290349986
6925777877454
6937241102733
6941917650336
6924362739924
6942509778025
6941917627468
6924362711692
6932290359138
6925777895731
6932290368741
6930265383348
6941917627819
6941917667303
6941917613720
6925777884049
6942509724527
6941917658509
6932290382174
6932290380514
6941917667242
6927886458777
6937241102412
6921081578667
6941917629172
6941917645233
6941917680043
6937241151175
6901570080130
6937241104843
6941917649934
6901018064661
6925777887125
6924362706629
6941024301800
6932290379822
6941917640894
6941917617322
6941917671980
6941917654235
6941917699410
6941917626966
6941917667037
6924362724654
6971071100187
6921081579725
6932290341973
6941917652231
6932290351347
6930265373059
6932290374353
6937241106571
6925777863761
6932290378740
6941917687523
6930265373035
6937241103662
6901018066306
6941024301947
6941917601314
6925777891344
6941917681798
6932290374711
6925777870837
6925777873722
6941917611528
6937241103044
6925777889556
6941917691575
6937241103969
6932290369373
6932290320107
6942509782992
6901570087801
6941917602212
6942509769962
6941917672260
6942509797811
6925777897179
6925777884742
6941917694385
6925777878512
6925777889839
6925777881246
6941917657960
6925777895601
6941917600133
6942509771620
6932290358742
6942509775208
6941917629196
6941917649279
6970907110260
6925777882304
6925777869831
6925777865956
6925777887248
6925777894574
6925777890071
6932290372366
6925777870158
6941917667129
6925777873708
6925777879793
6932290354881
6941917601376
6925777870219
6941917668980
6941917645288
6942509795145
6901570091952
6941917626355
6901018058943
6925777881468
6932290368246
6901018055300
6941917608016
6925777890835
6932290377705
6941917649590
6941917680531
6924362725347
6941024301831
6932290345698
6941917613188
6941917648906
6941917667341
6941917623651
6921081579657
6941024301404
6925876354917
6941917624573
6941024301923
6941917602632
6941917628373
6942509763939
6941917600058
6941917604964
6941917616998
6932290356472
6941917657366
6941917674097
6932290355383
6941024301930
6925777895656
6921081580196
6937241160931
6942509796883
6927886470977
6924362749251
6941917605121
6932290367171
6925777880638
6941917650107
6932290345384
6901018067907
6941917672161
6941917611641
6932290373639
6901570091426
6901570090832
6941917602243
6941917658622
6925777873661
6941917615908
6941917628793
6942509771026
6925777881949
6941917632189
6941917607859
6932290354867
6932290347722
6937241104096
6932290380637
6942509784712
6932290370010
6932290376982
6941917653528
6925777869695
6937241106359
6941917648647
6924362712309
6901018063299
6901018068911
6925777883486
6932290369342
6925777880577
6930265386004
6924362741187
6970062404853
6925777895687
6941917606159
6932290348507
6932290372380
6941917656116
6932290366570
6932290379457
6941917602441
6941917622647
6930265380019
6937241102313
6941917666986
6941917613676
6925777869916
6932290385472
6937241103426
6942509781728
6925777890958
6932290366358
6941917601345
6932290381078
6925777886074
6937241103419
6924362728553
6901018056765
6941917617193
6937241105345
6941917673076
6941917645707
6941917624795
6942509797026
6942509730733
6925777881659
6941024302081
6932290380330
6930265379433
6941917659704
6941917608849
6937241103402
6924362745543
6941917602533
6970062400589
6925777894932
6942509736124
6921081699775
6925777868018
6941917622517
6932290369151
6941917629882
6901570088679
6930265379747
6927886484141
6932290352207
6942509770364
6941917607842
6925777897902
6941917618213
6941917636064
6925777881932
6932290341720
6941917672192
6941917627833
6941917645226
6901018065149
6941917605114
6932290372489
6925876336999
6932290362183
6941917647657
6932290379617
6901018055966
6941917612716
6932290367218
6941917629561
6925777887149
6941917610095
6942509793578
6941917659834
6941917628991
6925777890965
6941917657779
6941917617650
6941917602960
6932290358094
6925777895304
6941917674400
6932290368529
6941024302845
6932290357080
6932290365375
6925777889921
6932290354942
6925777878321
6942509796395
6941917691698
6941917651609
6932290369991
6941917640917
6932290369816
6941917659803
6937241106342
6940120800057
6941917630468
6925777870820
6941917673984
6941917663251
6924362740074
6941917615977
6941917634428
6932290366556
6941917649262
6937241162386
6941917682740
6942509798108
6941917648654
6941917627963
6941024301893
6971071100200
6901570092089
6941917613089
6925777895014
6932290362244
6941917626980
6941917632998
6941917605602
6930265383355
6932290381177
6937241105901
6924362718257
6941917680524
6941917617407
6925777886685
6941917631083
6942509779909
6941917625723
6941917639164
6932290352375
6941024302968
6924362724630
6941917634190
6941917658431
6921081573631
6921081699447
6941917628908
6925777868414
6925777892952
6932290374957
6901018067792
6941917650039
6927886471837
6921081687710
6941917696945
6932290374575
6934346902084
6932290358124
6941024301527
6941917624542
6932290385274
6927886471523
6941917626836
6932290365702
6925777864171
6921081563229
6925777893560
6932290352849
6927886458425
6925777885121
6925777878888
6941917605619
6941917679153
6940120800125
6941917662773
6942509783043
6941917667327
6925777895090
6925777885480
6924362734943
6941917631335
6971112421202
6901018062902
6925777895243
6941917625358
6941917634121
6941917633032
6925777867509
6932290367676
6941917620025
6925777878048
6925777883790
6932290369700
6930265380101
6941917625280
6924362745451
6925876351534
6925777892112
6941917612525
6932290335309
6925777860807
6941024302074
6941917649644
6932290381580
6942509781964
6941917641884
6942509784606
6932290351439
6932290363296
6941917672543
6941917659018
6925777878031
6932290378528
6941917625228
6941917640054
6901018060212
6942509780622
6941917652606
6941917630871
6925777896394
6921081699454
6932290371611
6925777882281
6941917629226
6932290365047
6937241103594
6942509740831
6970062408752
6930265378702
6937241103631
6925876353170
6941917631182
6937241104171
6932290365030
6934346901308
6924362735179
6932290378757
6941917672055
6937241100401
6941917602649
6941917654730
6927886471264
6941917687677
6941917679962
6941917658158
6925777867165
6932290355215
6970062404877
6924362711999
6901570089805
6925777894758
6941917656673
6941917627482
6925777879502
6941917605589
6932290374469
6925777865437
6921081580769
6932290353853
6941917635289
6941917625167
6924362747202
6925876354184
6932290348156
6921081568965
6941917629264
6941917627987
6941917634534
6941917628410
6925777879434
6925777894543
6901018049118
6941917696198
6937241105253
6941917666733
6941917617292
6941917613683
6941917681835
6941917681743
6925777879809
6925876314881
6927886482369
6941917649569
6941917625532
6941917654228
6941917604391
6932290379280
6942509790041
6941917625525
6941917669048
6942509724145
6941917641822
6941917672246
6932290368758
6941917628502
6941917667273
6932290366716
6925777894949
6932290375428
6971071100453
6941917699441
6932290364347
6941917666641
6941917642492
6932290378641
6941917625686
6925777880737
6937241106021
6941917623712
6941917625549
6941917699458
6941917612204
6941917681583
6925777886562
6932290376999
6932290382273
6901570089775
6941917692039
6941917628212
6941917608078
6941917629493
6941917687509
6941917648883
6924362730341
6941917631366
6925876350940
6932290381160
6932290379181
6932290366730
6941917674615
6941917607743
6925777890873
6925777891146
6937241100395
6925777860173
6925777897247
6941917603080
6925777892778
6932290341218
6941917624689
6932290372496
6925777884612
6932290380422
6941917625266
6941917652071
6932290335798
6941917668607
6937241103396
6941917659742
6932290345650
6941917659629
6941917600218
6930265391404
6932290364644
6901570092577
6925777869626
6942509747403
6925777870288
6927886463801
6932290374445
6941917667235
6932290380538
6942509715761
6932290367133
6937241161853
6921081575673
6941917622203
6941917600249
6941917633940
6932290360264
6925777882403
6930265380835
6941917618190
6925777891948
6941917613300
6937241104423
6924362705318
6941917671973
6932290366747
6932290323764
6941917682979
6925876320547
6932290349061
6932290378368
6932290358223
6941917667198
6932290354676
6925777883899
6941917659810
6932290366501
6941917652095
6932290362077
6937241103273
6941917630895
6925777873401
6925777885497
6924362707749
6932290366563
6941917603110
6924362728614
6941917623613
6901018048074
6941917666801
6932290339611
6932290379389
6925777893317
6901570088617
6941917642904
6925777883752
6925777895793
6932290380668
6941917604810
6925777868049
6925777883868
6941917659001
6942509741241
6941917616486
6941917629851
6941917643321
6971112420663
6925777890217
6921081577905
6942509769603
6942509741265
6925777895700
6925777885107
6927886470908
6941917659650
6932290372885
6970062407113
6941917654372
6930265382273
6932290378269
6901570089294
6925777872237
6941917651890
6925777881758
6937241101415
6925777882649
6925777895557
6921081574416
6932290320091
6941917618145
6927886472605
6971112420519
6941917600140
6927886459231
6937241102450
6941917633452
6941917609013
6932290371635
6925777891887
6941917699373
6932290362206
6932290376319
6925777861903
6941024301305
6925777860838
6937241101484
6941917625419
6930265371901
6941917626157
6924362700511
6941917625518
6941917613737
6901570086569
6901018069123
6941917613713
6941917682962
6925777881093
6925777872190
6925777875887
6941024304832
6925777879465
6937241104874
6941917673090
6941917623644
6924362728027
6925777876365
6941917650022
6941917682771
6925777877812
6941917627000
6925777868742
6941917672901
6925777874095
6941917628458
6932290359381
6941917622470
6937241102764
6924362734974
6941917655812
6932290348781
6941917673847
6941917629400
6941917654402
6932290362770
6941917651531
6941917656611
6925777897254
6925777882571
6941917681064
6925777883189
6937241103624
6932290376722
6925777885008
6925777884506
6941917642423
6941917612693
6932290371703
6930265386646
6941917678118
6941024301701
6925777868636
6941917647671
6925777867059
6932290356502
6937241102986
6937241100531
6941917629462
6932290381634
6937241104881
6932290384925
6925777872497
6925777884704
6932290348866
6924362707305
6942509780189
6925777881338
6924362746281
6941917624580
6925777889976
6941917622265
6941917683464
6941917653474
6942509727122
6932290371741
6925777891283
6937241103006
6925777890507
6932290367874
6932290385229
6941917658479
6941917658769
6925777875900
6932290361100
6941917663541
6932290335040
6941917658707
6932290362329
6941917658561
6932290379624
6941917629653
6932290382846
6941917673625
6941917629424
6941917668393
6930265384710
6941917667358
6932290367706
6927886498070
6932290375862
6925777883707
6941917629011
6901570092584
6941917668720
6932290348132
6942509798252
6941917672918
6942509769863
6925777872473
6932290382341
6971071100262
6941917666665
6925777893744
6942509796838
6924362728720
6921081580165
6932290366525
6942509718298
6941917654006
6941917622401
6942509769627
6932290384581
6971071100910
6941917629738
6932290350821
6925777879991
6932290371598
6925777880218
6925777887835
6941917624535
6941917612167
6941917602182
6941917617681
6941917649248
6932290375602
6901570092560
6930265384772
6941917679870
6925777876051
6924362724883
6924362735223
6941917627956
6925777864713
6941917658905
6932290358087
6930265374926
6941917699366
6941917656765
6932290378177
6941917624214
6932290356441
6925777892808
6941917657922
6932290381313
6941917682672
6925777872183
6932290372786
6901018061080
6925777881611
6971071101078
6941917617544
6941917658660
6932290346664
6941917681620
6941917666269
6941917629752
6924362704830
6937241105369
6937241101682
6932290375978
6925777882366
6941917617179
6921081577066
6932290369526
6941917659070
6942509715976
6932290381597
6925777881086
6941917673502
6925777893867
6940120800071
6925777889969
6941917683884
6941917623729
6924362741132
6941917613317
6941917625594
6941917603103
6942509786198
6924362712255
6925777884865
6925777865444
6932290371949
6925777881024
6925777864638
6942509790294
6921081571736
6941917624276
6940120800149
6941917673120
6937241105352
6925777887941
6921081571491
6925777885763
6941917615892
6941917670648
6927886461869
6932290364194
6932290370201
6941917616141
6941917622623
6925777895724
6932290373646
6925777892174
6971071100996
6925777895267
6941917691568
6927886467496
6942509795213
6925876355655
6901570084862
6941917624481
6942509798795
6941917672154
6941917642652
6941917662629
6932290357554
6927886456698
6901570091167
6925777874194
6941917635265
6925777889853
6925777897384
6921081579909
6924362746915
6941917621985
6941917608054
6932290385427
6941917605251
6941917656123
6932290383478
6927886472612
6901018065255
6970062406154
6942509780059
6941917658684
6921081581179
6924362705783
6932290370805
6941917673830
6941917653894
6925777874163
6941917667297
6921081577455
6937241104997
6927886456513
6901018062209
6901018057557
6971560499976
6932290354652
6925876301461
6925777881901
6937241104119
6932290367249
6901018068089
6925777889334
6941917687462
6921081568927
6924362708166
6932290369908
6941917673540
6921081578742
6932290363838
6932290362282
6937241102429
6932290351330
6932290368871
6941917699533
6925777887095
6941917659261
6941917624672
6941917616448
6925777878994
6927886456735
6930265389609
6942509770333
6937241105376
6927886456810
6925777880485
6925777881895
6932290339192
6941917617421
6941917627055
6925777890569
6932290331424
6941917628540
6932290382358
6927886482697
6927886456704
6901018058844
6941917616165
6932290372175
6932290372694
6924362745444
6941917681231
6941917670655
6941917613096
6925777885510
6930265391046
6941917629455
6921081575826
6941917606876
6941917635296
6937241102887
6941917683259
6942509782183
6927886469155
6941917658141
6941917672109
6942509729898
6941917622258
6941917630840
6932290361018
6941917613010
6925777867950
6924362745635
6937241104331
6932290346930
6941917685178
6941024304092
6927886479833
6927886498056
6901018067495
6927886456827
6971377720188
6925777873494
6927886459200
6942509701603
6925777859627
6941917673892
6921081576007
6924362705806
6941917659155
6941917682894
6925777893997
6932290360240
6941917658813
6941917602946
6932290368635
6925777881079
6927886470960
6941917650350
6932290380224
6925777885817
6925777879038
6941917631236
6942509701160
6925777878864
6924362748070
6901570091013
6941917673199
6925777878574
6925777869282
6941917625570
6930265363173
6932290369328
6937241100449
6934346901063
6941917680470
6941917649941
6942509701566
6921081579824
6925777894550
6941917655959
6941917682849
6941024301428
6941917674882
6941917667907
6941917667310
6925777887392
6941024301398
6941917654334
6925777879892
6932290376098
6932290369557
6925777866458
6942509771057
6942509789830
6941917617445
6941917604070
6927886471851
6927886454281
6927886456797
6932290382334
6901570091433
6941917601369
6925777879878
6942509770036
6941917642409
6925777890972
6941917611658
6901570091709
6932290381320
6941917615007
6941917645943
6932290376111
6971071100941
6941917673700
6901018067969
6925777884360
6925777872220
6937241103570
6941917622234
6941917601215
6941917629783
6925777875917
6941917665453
6937241102443
6925777871698
6901018063534
6941917655836
6932290385526
6941917691711
6901570092331
6924362741101
6925777868568
6942509777790
6921081579787
6921081580776
6927886467175
6932290354874
6925876354009
6971377720027
6941917628809
6901018059018
6924362745925
6932290381641
6932290372359
6941917648623
6941917658059
6941917610354
6925777889426
6932290378658
6941917666702
6941917629059
6937241103686
6925777895137
6921081685402
6921081579831
6941917655874
6901018061233
6924362729833
6941917658653
6941917641877
6925777861828
6941917629189
6941917659032
6921081575727
6971071100026
6941917611498
6932290376661
6927886469025
6932290374414
6941917649552
6901018066726
6927886479826
6924362724906
6952605543199
6925777867219
6932290383416
6930265342963
6941917640689
6925777894987
6941917650305
6927886455738
6941917639669
6942509793745
6941917629547
6921081574515
6941917607972
6925777878482
6925777886258
6930265364309
6932290379563
6925777891894
6921081570920
6925777869213
6925777861781
6925777869268
6925777884711
6941917608023
6932290349030
6932290341836
6941917659247
6941917654327
6941917679924
6925777877447
6941917674004
6941917649705
6932290367119
6925777884483
6925777892815
6932290346947
6925777871247
6932290376593
6925777884179
6932290352474
6901570088198
6941917629301
6932290373462
6941917604858
6925777886937
6925777861538
6932290364378
6941917607705
6941917633247
6941917612709
6941917628434
6941917632035
6941024302234
6932290378597
6941917666764
6942509724046
6901570091815
6941917672048
6932290365627
6932290363258
6925777879885
6930265377545
6941917607729
6942509732447
6941917681330
6925876354566
6942509769597
6941917632981
6924362724647
6932290357110
6921081575895
6924362729826
6932290347661
6925777876112
6941917603073
6941917613126
6941917606203
6971112420090
6925777873425
6942509770685
6941917600164
6941917681781
6925777890675
6925777880126
6941917633018
6941917649415
6924362719971
6942509770104
6925777869480
6941917681842
6971112420434
6924362705776
6932290377101
6941917604056
6932290375367
6932290371734
6937241104768
6952605542284
6925777890941
6930265386622
6930265380132
6971071101016
6941917611696
6941917603127
6941917628182
6932290343496
6927886456483
6925777878413
6941917654389
6971071100125
6921081577967
6925777885183
6941917650091
6925777874828
6924362749275
6941917627529
6971112420694
6941917625297
6932290371840
6932290369168
6932290374360
6941917692992
6932290378337
6941917697157
6941917681163
6921081685488
6932290384512
6952605542383
6941917626171
6925777890606
6941917629431
6932290374032
6932290382839
6970062405171
6941917616547
6932290350364
6941917680937
6925777884308
6925777893768
6924362747189
6932290347029
6937241105116
6932290354775
6941917626997
6941917697805
6941917664005
6941917673083
6927886467212
6921081651704
6941917684799
6901018050138
6932290348071
6932290372830
6932290375077
6941917667051
6941917652422
6925777887200
6932290364323
6927886468097
6925777868407
6941917659285
6941917649729
6941917658691
6941917615489
6941917638464
6941917673991
6941917615984
6901570070414
6971071100101
6941917666900
6941917672284
6925876351589
6924362746021
6930265386509
6927886454045
6925777883738
6970062405454
6932290384994
6925777883851
6940120800378
6924362708203
6925777893331
6941917656277
6941917604995
6941917613355
6925777885824
6925777892198
6901570091082
6930265380118
6941917617384
6925777860890
6971071100255
6925777869497
6925777883455
6941917609488
6941917613119
6941917632974
6932290345728
6925777890026
6941917629592
6941917658417
6921081580097
6971112420373
6925777879748
6941917622012
6901570091242
6932290383386
6932290349924
6941917680968
6925777874354
6925777886227
6921081693759
6932290368987
6921081675014
6941917600102
6941917629905
6941917646162
6930265372786
6927886459255
6925777864737
6941917622555
6941917650077
6941917603509
6941917695818
6941917622319
6941917662599
6925777873173
6932290366402
6927886479215
6941917659124
6901018057212
6925777895526
6925777890477
6941024301350
6930265384796
6942509782688
6942509735486
6925777880249
6941917657731
6941917667020
6941917667075
6932290353785
6942509790355
6941917648890
6941917648371
6941917622593
6927886455929
6937241104836
6942509741104
6925777879045
6901018067952
6925777863440
6925777895397
6932290364033
6932290365917
6932290340990
6925777879526
6932290360288
6941917641853
6921081699515
6941917673854
6932290370263
6941917646872
6925777874361
6927886478126
6932290381627
6924362741552
6942509736995
6925777884797
6930265391763
6924362716253
6925777872053
6941917654310
6932290378467
6927886498490
6930265391022
6921081580646
6934346901438
6941917629028
6925777890521
6927886479352
6901018047817
6925777894963
6927886459170
6942509715778
6941917687448
6941917611689
6927886458920
6941917629967
6941024304610
6940120800354
6941917649361
6932290366198
6932290381085
6941917630482
6924362744072
6942509791932
6942509781872
6932290376395
6932290362374
6925876301775
6901570089263
6925777869220
6941024302111
6941917625907
6932290379273
6941917617308
6941917668737
6932290362800
6941917659360
6932290376685
6932290340112
6941917680302
6932290372250
6941024302272
6932290366822
6941917697171
6942509736193
6932290379136
6937241103013
6932290367522
6925777890811
6941917622500
6941917654709
6932290356496
6937241150369
6925777897094
6932290354805
6942509754173
6941917629165
6937241101408
6941917622661
6924362747233
6941917658745
6932290356434
6971071100354
6925777864690
6930265381498
6941917628205
6925777885961
6925777879410
6925777868759
6924362746922
6941917670662
6941917697119
6925777885565
6941917607699
6941917651906
6932290360271
6941917601338
6924362742412
6971071100422
6901018068362
6925777879564
6924362724623
6932290373486
6901018060205
6941917654099
6941917672215
6925777876143
6932290382396
6941917628915
6930265360929
6941917692022
6932290379433
6932290356489
6924362742962
6942509783845
6930265361292
6932290378696
6942509777196
6921081578568
6932290354829
6971112421349
6925777881284
6941917616042
6932290380620
6941917665576
6925777871704
6932290350371
6941917632172
6925777878000
6941917666894
6971071100095
6927886468240
6937241106663
6924362744218
6932290374483
6925777869404
6925777877522
6932290353761
6924362718363
6941917650084
6941917670679
6927886478409
6925777891535
6932290345629
6932290383485
6925777879519
6952605543700
6932290351194
6937241107332
6932290347647
6925777883233
6970062405003
6941917624832
6941917673229
6924362726153
6927886496472
6921081572184
6932290368376
6925777890309
6932290361810
6942509788314
6925777881000
6941917647626
6941917630901
6925777881628
6937241104294
6941917603066
6941917654044
6901570087597
6924362741668
6925777869169
6942509797729
6932290376197
6941917629707
6932290347630
6925777867998
6925777894772
6941917628427
6941917603059
6937241103648
6925777869206
6942509783432
6941917603134
6925777865970
6927886455684
6925777869947
6941917648920
6925777885947
6927886484226
6925777896929
6932290385267
6925777876174
6941917682917
6941917666252
6932290345759
6941917624078
6942509763328
6925777892648
6941917674462
6942509784354
6921081687567
6925777885527
6941917604353
6937241102825
6930265380842
6941917658790
6941917654822
6941917604506
6901570089782
6941917609044
6925777876525
6925777885862
6941917673045
6925777897896
6941917674240
6925777880522
6924362734950
6901018051197
6932290372434
6941917659780
6941917632226
6932290350388
6925777895816
6925777898138
6941917613034
6941917673489
6941917616431
6925777869510
6941917659100
6925777886302
6941917617957
6925777872404
6942509779886
6925777862344
6941917672741
6927886487234
6941917623767
6932290384642
6925777884285
6932290382655
6937241101118
6932290350043
6925777886463
6932290365504
6924362710817
6925777865543
6932290359497
6901018066849
6924362728591
6942509782985
6941917688476
6941917633179
6941917656772
6942509713545
6941917604100
6924362727518
6932290354904
6941917672963
6932290368369
6941917627475
6941917604919
6941917634527
6941917635272
6941917679887
6932290367331
6930265372793
6942509780240
6941024302258
6925777876105
6924362745628
6932290384529
6941917666962
6930265386257
6941917649576
6941917624122
6932290344165
6932290350098
6925777886500
6932290378993
6925777881642
6932290382785
6941917687820
6941917656680
6941917658721
6941917608597
6924362728300
6937241103389
6941917616035
6941917659575
6941917691889
6971071100989
6932290380071
6941917667150
6921081687697
6932290370171
6941917623743
6941917668850
6941917602540
6937241162393
6930265380651
6925777873654
6941917649637
6941917622609
6941917681675
6925777887842
6937241103877
6925777867462
6932290377590
6930265381870
6925777860920
6941917603004
6932290369793
6941917634404
6925777897995
6952605543717
6932290368475
6927886459071
6941917641839
6925777882106
6930265387780
6941917673878
6941917629318
6941024301312
6924362737005
6925777897889
6941917600072
6941917617551
6942509788994
6925777867226
6941917627970
6932290367584
6932290375695
6932290368345
6924362744096
6925777885930
6925777884636
6932290370195
6937241105079
6941917673052
6932290353174
6942509708343
6925777882892
6901570083612
6941917606555
6932290382167
6941917613690
6942509781209
6941917625389
6942509724824
6941917602519
6932290353778
6925777859641
6942509769788
6932290341393
6925777896219
6927886471035
6942509740794
6932290379365
6942509729904
6925777873739
6971071100361
6932290377583
6925777874033
6927886458821
6941917622616
6941917602267
6941917602625
6937241103464
6941917622630
6901570085951
6941917687752
6924362709125
6941917626140
6941917635166
6971112420205
6941917627598
6941917616318
6932290323740
6932290362978
6901570070131
6941917622272
6937241101507
6925777880942
6927886471028
6932290356984
6941917657939
6925777873531
6932290371918
6932290378511
6941917662995
6941917602885
6941917617414
6925777897261
6941917617605
6941917673915
6925876304493
6901570087825
6932290371383
6941917633209
6901018065941
6925777889518
6941917633445
6941917682146
6932290376678
6925777889129
6941917656635
6941917625914
6927886489993
6937241101385
6925777884391
6942509795671
6941917629622
6925777881789
6921081578858
6921081565612
6941917658493
6924362711982
6941917659599
6941917625341
6924362742986
6942509796753
6942509797514
6932290384253
6932290364132
6941917650237
6901018065934
6932290351354
6925777890767
6941917682931
6941024301732
6942509786570
6941024301954
6925777884827
6941917664883
6932290372700
6925777886586
6941917673175
6937241104584
6941917616097
6970062407106
6932290376777
6932290368406
6941917681767
6921081580288
6925777895663
6924362700887
6941917632219
6932290384260
6941917629585
6941917672970
6941917616028
6925777890163
6932290362190
6941917655881
6941917630833
6932290383836
6925777871278
6925777883196
6941917687516
6937241103211
6925777881314
6941917659643
6941917673243
6941917667136
6932290379518
6925777861439
6925777873180
6937241101705
6941024301343
6970062407090
6932290366532
6941917627826
6901018065699
6940120800385
6924362713689
6941917679818
6901570090733
6925777869084
6925777882953
6941917665651
6921081580318
6941917629004
6924362729451
6941917616394
6941917657205
6927886471769
6921081563403
6941917699472
6941917650008
6941917654419
6941917629813
6941917615397
6937241103372
6941917654785
6927886461845
6941917613133
6932290350531
6925876301249
6927886455691
6941917629912
6941917633100
6941917663961
6921081577660
6901570090467
6925777883240
6942509724169
6941917666955
6925777886739
6941917624641
6925777883639
6925777891634
6941917683273
6941917645219
6941917667884
6932290343663
6937241104263
6932290368659
6927886487784
6932290365566
6941917656642
6941917683310
6901570083193
6937241103051
6941917697096
6932290362312
6924362738798
6941024301688
6924362701761
6941917674295
6941917600027
6941024304603
6932290343014
6925876353286
6937241103068
6925777882182
6941917694897
6941917628274
6932290366273
6932290369366
6937241104041
6941917642355
6941917659278
6941917622241
6942509791024
6925777885756
6941917642928
6941917616127
6901570088181
6941917629875
6932290364118
6925777867837
6942509795619
6932290366839
6927886478249
6932290350500
6925777882489
6924362738613
6941917628342
6901570091624
6924362734936
6941917640900
6942509782671
6925777860937
6941917672130
6941917602991
6921081577875
6941917628489
6925777883608
6941917680050
6971071100071
6941917649958
6941917655928
6925777882144
6941917649521
6925777862429
6927886472926
6971071101030
6942509769856
6942509793011
6932290359435
6934346902244
6901018066313
6941917662971
6941917658165
6924362730983
6932290365023
6932290344561
6941917658127
6941917629387
6941917668874
6925777890408
6941917685109
6941917659605
6941917667204
6942509708350
6941917683686
6941917654464
6941917686229
6925777869657
6937241105383
6932290370157
6941917673021
6941917666993
6937241105338
6941917611627
6941917624498
6941917666276
6937241103549
6941917649675
6937241101996
6941917682795
6941917664197
6941917600119
6941917625877
6925777881581
6927886481065
6901018065354
6927886459194
6932290364071
6927886482482
6971112420700
6925777892716
6941917628892
6925777883615
6927886480402
6942509792977
6921081568996
6927886473688
6942509751523
6937241101606
6941917673861
6901018069079
6942509775680
6941917603035
6925777884674
6941917658936
6925777893782
6941917673649
6941917683716
6925777889488
6941917649002
6941917626973
6937241102634
6941917637511
6932290362459
6925777887255
6941917617513
6924362719827
6941917628526
6937241101729
6941917673632
6941917624290
6932290343038
6941917659674
6925777895540
6925777886579
6971071100903
6941917681637
6925777874200
6941917672925
6941917626102
6925777890927
6941917613171
6901018058851
6932290382365
6932290370478
6937241103365
6941917679498
6901570092058
6941917609006
6942509769849
6941917617162
6941917627635
6925777884087
6941917659414
6941917625396
6925777896738
6941917654204
6932290345636
6925777868773
6941917603219
6941917686380
6941917692923
6941917600010
6941917658851
6932290359152
6941917632790
6942509729461
6941917621992
6941917652842
6932290351064
6932290372168
6941917629479
6941917625433
6925777863112
6941917649613
6941917624269
6941917667006
6925777881352
6927886456711
6937241100593
6924362710213
6942509745966
6932290365580
6932290357295
6932290383409
6971071100958
6941917629080
6925777868797
6927886472933
6932290360035
6924362747769
6921081564790
6937241104355
6942509796371
6921081580615
6924362745574
6941917673953
6924362700641
6932290379099
6925876352104
6925777851201
6932290376463
6971071100323
6941024301879
6941917628946
6941917699724
6921081579060
6952605542253
6925777884605
6941917629127
6932290316414
6937241102184
6921081688106
6927886467489
6941917678125
6932290362350
6941917626744
6932290339628
6942509796852
6941917691803
6932290368703
6925777886999
6970907110345
6932290365948
6941917635593
6942509747441
6942509793394
6932290353792
6971112420885
6941917613195
6941917606135
6930265372830
6941917651548
6941917659568
6941917647701
6925777895007
6941917655942
6937241100548
6925777880058
6941917629554
6941917679986
6941917655911
6932290358148
6932290366952
6941917649774
6927886457770
6925876355433
6941917666849
6941917674271
6930265384789
6941917680982
6941917660250
6941917625884
6932290354836
6941917629394
6941917650015
6927886471271
6925777878291
6925777872374
6941917616523
6932290354065
6932290379839
6924362747219
6932290359527
6941917687738
6932290365719
6924362710565
6927886489986
6941917633223
6941917610286
6937241100470
6941917699540
6941917642386
6925777879540
6941917617285
6924362729444
6927886455851
6971071100170
6941917679481
6924362747226
6941917600089
6925777873630
6941917603882
6941917630864
6941917622425
6925777870813
6941917628878
6942509785399
6901018056147
6932290383522
6932290373028
6937241102863
6925777891092
6941917632196
6925777867189
6925777885466
6932290348286
6921081694046
6941917645271
6941917623811
6941917603240
6927886471561
6941917637153
6941917646698
6925777880805
6941917650053
6925777890934
6941917681774
6927886466086
6932290382211
6921081580301
6932290339109
6941024302241
6941917622494
6941917649750
6941917624108
6941917649804
6932290379112
6921081572092
6941917654952
6942509771927
6941024301657
6932290370799
6941917625457
6901570092669
6925777890156
6941917658592
6925777868032
6941917659230
6941917649477
6941917679948
6932290360493
6925777873418
6941917625655
6932290377804
6925777895168
6941917601383
6942509778537
6941917620032
6921081693780
6932290350050
6940120800033
6925777871230
6942509785016
6952605542703
6941917617247
6921081577653
6941917692145
6941917633216
6941917658875
6901570088549
6941917625969
6925777867943
6941917672017
6941917623620
6932290381498
6941917629370
6941917672178
6937241105239
6937241150062
6932290377149
6925777871254
6941917607767
6941917658356
6941917659551
6941024301275
6941917629288
6941917607811
6941917612181
6941917629646
6941917679856
6932290373318
6941917649651
6941917649712
6942509771040
6930265380149